------- BEAMDYN V1.00.* INDIVIDUAL BLADE INPUT FILE --------------------------
Generated with AeroElasticSE FAST driver
---------------------- BLADE PARAMETERS --------------------------------------
30                     station_total - Number of blade input stations (-)
1                      damp_type   - Damping type: 0: no damping; 1: damped
---------------------- DAMPING COEFFICIENT------------------------------------
    mu1         mu2         mu3         mu4         mu5         mu6    
    (-)         (-)         (-)         (-)         (-)         (-)    
 0.010000    0.010000    0.010000    0.010000    0.010000    0.010000  
---------------------- DISTRIBUTED PROPERTIES---------------------------------
 0.000000000000000e+00
 5.814306225460456e+09  2.060737146126415e+00  0.000000000000000e+00  0.000000000000000e+00  0.000000000000000e+00  7.119647665980119e+02
 2.061277021666154e+00  5.814305039941948e+09  0.000000000000000e+00  0.000000000000000e+00  0.000000000000000e+00 -1.420340680661376e+01
 0.000000000000000e+00  0.000000000000000e+00  3.968334643902120e+10 -5.232413885822065e+03  3.276562536533667e+01  0.000000000000000e+00
 0.000000000000000e+00  0.000000000000000e+00 -5.232414251608705e+03  9.602398349053036e+10  8.456247849121043e+01  0.000000000000000e+00
 0.000000000000000e+00  0.000000000000000e+00  3.276656065961372e+01  8.456221022116333e+01  9.602400123557893e+10  0.000000000000000e+00
 7.119647662065860e+02 -1.420340556735754e+01  0.000000000000000e+00  0.000000000000000e+00  0.000000000000000e+00  5.621360922154120e+10

 2.689307134967955e+03  0.000000000000000e+00  0.000000000000000e+00  0.000000000000000e+00  0.000000000000000e+00  3.543436924294263e-04
 0.000000000000000e+00  2.689307134967955e+03  0.000000000000000e+00  0.000000000000000e+00  0.000000000000000e+00 -2.497165030766681e-06
 0.000000000000000e+00  0.000000000000000e+00  2.689307134967955e+03 -3.543436924294263e-04  2.497165030766681e-06  0.000000000000000e+00
 0.000000000000000e+00  0.000000000000000e+00 -3.543436924294263e-04  6.508289516222489e+03  5.616641320132154e-06  0.000000000000000e+00
 0.000000000000000e+00  0.000000000000000e+00  2.497165030766681e-06  5.616641320132154e-06  6.508290718182341e+03  0.000000000000000e+00
 3.543436924294263e-04 -2.497165030766681e-06  0.000000000000000e+00  0.000000000000000e+00  0.000000000000000e+00  1.301658023440483e+04

 3.448300000000000e-02
 4.191354189309471e+09  4.761080460482493e+06  0.000000000000000e+00  0.000000000000000e+00  0.000000000000000e+00 -1.587890125558339e+08
 4.761080460668780e+06  4.838622779757835e+09  0.000000000000000e+00  0.000000000000000e+00  0.000000000000000e+00  2.362309594450822e+07
 0.000000000000000e+00  0.000000000000000e+00  3.089454132633876e+10  1.482618780986315e+09 -1.531020535364441e+08  0.000000000000000e+00
 0.000000000000000e+00  0.000000000000000e+00  1.482618780988272e+09  7.220154649143631e+10 -7.837424411594471e+07  0.000000000000000e+00
 0.000000000000000e+00  0.000000000000000e+00 -1.531020535354674e+08 -7.837424411529782e+07  6.249114370077780e+10  0.000000000000000e+00
-1.587890125558351e+08  2.362309594451930e+07  0.000000000000000e+00  0.000000000000000e+00  0.000000000000000e+00  3.910951593775997e+10

 2.094904461886206e+03  0.000000000000000e+00  0.000000000000000e+00  0.000000000000000e+00  0.000000000000000e+00 -1.005331872990527e+02
 0.000000000000000e+00  2.094904461886206e+03  0.000000000000000e+00  0.000000000000000e+00  0.000000000000000e+00  1.038162248639415e+01
 0.000000000000000e+00  0.000000000000000e+00  2.094904461886206e+03  1.005331872990527e+02 -1.038162248639415e+01  0.000000000000000e+00
 0.000000000000000e+00  0.000000000000000e+00  1.005331872990527e+02  4.896451964820027e+03 -5.326874062160037e+00  0.000000000000000e+00
 0.000000000000000e+00  0.000000000000000e+00 -1.038162248639415e+01 -5.326874062160037e+00  4.237991453151195e+03  0.000000000000000e+00
-1.005331872990527e+02  1.038162248639415e+01  0.000000000000000e+00  0.000000000000000e+00  0.000000000000000e+00  9.134443417971239e+03

 6.896600000000000e-02
 2.154726089276158e+09  1.591312462839529e+07  0.000000000000000e+00  0.000000000000000e+00  0.000000000000000e+00  2.958744496579122e+08
 1.591312462782105e+07  3.938963291227535e+09  0.000000000000000e+00  0.000000000000000e+00  0.000000000000000e+00  6.284984701384237e+07
 0.000000000000000e+00  0.000000000000000e+00  2.193948958327127e+10  1.063313188543458e+09 -3.345336945129434e+08  0.000000000000000e+00
 0.000000000000000e+00  0.000000000000000e+00  1.063313188543404e+09  4.525725373976501e+10 -5.415186663644300e+08  0.000000000000000e+00
 0.000000000000000e+00  0.000000000000000e+00 -3.345336945137468e+08 -5.415186663646638e+08  2.598330304150803e+10  0.000000000000000e+00
 2.958744496581548e+08  6.284984701401287e+07  0.000000000000000e+00  0.000000000000000e+00  0.000000000000000e+00  1.807101513861052e+10

 1.488471348479659e+03  0.000000000000000e+00  0.000000000000000e+00  0.000000000000000e+00  0.000000000000000e+00 -7.776609536097368e+01
 0.000000000000000e+00  1.488471348479659e+03  0.000000000000000e+00  0.000000000000000e+00  0.000000000000000e+00  2.159196017119740e+01
 0.000000000000000e+00  0.000000000000000e+00  1.488471348479659e+03  7.776609536097368e+01 -2.159196017119740e+01  0.000000000000000e+00
 0.000000000000000e+00  0.000000000000000e+00  7.776609536097368e+01  3.109842376920137e+03 -2.563705378117729e+01  0.000000000000000e+00
 0.000000000000000e+00  0.000000000000000e+00 -2.159196017119740e+01 -2.563705378117729e+01  1.740955760444765e+03  0.000000000000000e+00
-7.776609536097368e+01  2.159196017119740e+01  0.000000000000000e+00  0.000000000000000e+00  0.000000000000000e+00  4.850798137364918e+03

 1.034480000000000e-01
 1.094010321456281e+09  7.342070236830595e+07  0.000000000000000e+00  0.000000000000000e+00  0.000000000000000e+00  4.418795516770462e+08
 7.342070236860617e+07  3.177942586766082e+09  0.000000000000000e+00  0.000000000000000e+00  0.000000000000000e+00  6.023290891186327e+07
 0.000000000000000e+00  0.000000000000000e+00  2.011079969568434e+10  1.915214336396506e+09 -1.504584618881123e+08  0.000000000000000e+00
 0.000000000000000e+00  0.000000000000000e+00  1.915214336396093e+09  3.054787803690889e+10 -1.684549055160357e+09  0.000000000000000e+00
 0.000000000000000e+00  0.000000000000000e+00 -1.504584618886651e+08 -1.684549055160489e+09  1.375689714856679e+10  0.000000000000000e+00
 4.418795516771391e+08  6.023290891166473e+07  0.000000000000000e+00  0.000000000000000e+00  0.000000000000000e+00  6.949688288163244e+09

 1.160038957881775e+03  0.000000000000000e+00  0.000000000000000e+00  0.000000000000000e+00  0.000000000000000e+00 -1.297659789412893e+02
 0.000000000000000e+00  1.160038957881775e+03  0.000000000000000e+00  0.000000000000000e+00  0.000000000000000e+00  1.782406968105588e+01
 0.000000000000000e+00  0.000000000000000e+00  1.160038957881775e+03  1.297659789412893e+02 -1.782406968105588e+01  0.000000000000000e+00
 0.000000000000000e+00  0.000000000000000e+00  1.297659789412893e+02  2.075674134444512e+03 -5.605589825671432e+01  0.000000000000000e+00
 0.000000000000000e+00  0.000000000000000e+00 -1.782406968105588e+01 -5.605589825671432e+01  6.743708084479466e+02  0.000000000000000e+00
-1.297659789412893e+02  1.782406968105588e+01  0.000000000000000e+00  0.000000000000000e+00  0.000000000000000e+00  2.750044942892461e+03

 1.379310000000000e-01
 6.307917060780475e+08  6.334615687362897e+07  0.000000000000000e+00  0.000000000000000e+00  0.000000000000000e+00  2.496792949339969e+08
 6.334615687337314e+07  2.197060432105183e+09  0.000000000000000e+00  0.000000000000000e+00  0.000000000000000e+00  6.146486352484269e+07
 0.000000000000000e+00  0.000000000000000e+00  1.657463570930450e+10  2.648520422150460e+09 -1.911671354466616e+08  0.000000000000000e+00
 0.000000000000000e+00  0.000000000000000e+00  2.648520422151256e+09  2.127656727442502e+10 -1.449178570256686e+09  0.000000000000000e+00
 0.000000000000000e+00  0.000000000000000e+00 -1.911671354461587e+08 -1.449178570256545e+09  9.083246683963810e+09  0.000000000000000e+00
 2.496792949339803e+08  6.146486352490803e+07  0.000000000000000e+00  0.000000000000000e+00  0.000000000000000e+00  3.435803208940359e+09

 8.144757742633816e+02  0.000000000000000e+00  0.000000000000000e+00  0.000000000000000e+00  0.000000000000000e+00 -1.734158582985146e+02
 0.000000000000000e+00  8.144757742633816e+02  0.000000000000000e+00  0.000000000000000e+00  0.000000000000000e+00  1.918643951310133e+01
 0.000000000000000e+00  0.000000000000000e+00  8.144757742633816e+02  1.734158582985146e+02 -1.918643951310133e+01  0.000000000000000e+00
 0.000000000000000e+00  0.000000000000000e+00  1.734158582985146e+02  1.420799339634857e+03 -4.462817688691447e+01  0.000000000000000e+00
 0.000000000000000e+00  0.000000000000000e+00 -1.918643951310133e+01 -4.462817688691447e+01  3.470841495209997e+02  0.000000000000000e+00
-1.734158582985146e+02  1.918643951310133e+01  0.000000000000000e+00  0.000000000000000e+00  0.000000000000000e+00  1.767883489155854e+03

 1.724140000000000e-01
 3.450159826769523e+08  4.514452490824400e+07  0.000000000000000e+00  0.000000000000000e+00  0.000000000000000e+00  1.293198135088401e+08
 4.514452490806079e+07  1.335550695027681e+09  0.000000000000000e+00  0.000000000000000e+00  0.000000000000000e+00  5.325188866759158e+07
 0.000000000000000e+00  0.000000000000000e+00  1.341095626900478e+10  2.601387555388926e+09 -1.709466322527136e+08  0.000000000000000e+00
 0.000000000000000e+00  0.000000000000000e+00  2.601387555388926e+09  1.400881022389958e+10 -1.008952060233362e+09  0.000000000000000e+00
 0.000000000000000e+00  0.000000000000000e+00 -1.709466322528021e+08 -1.008952060233207e+09  5.659208132417927e+09  0.000000000000000e+00
 1.293198135087814e+08  5.325188866768580e+07  0.000000000000000e+00  0.000000000000000e+00  0.000000000000000e+00  1.435239866485045e+09

 5.415097528901656e+02  0.000000000000000e+00  0.000000000000000e+00  0.000000000000000e+00  0.000000000000000e+00 -1.641574751585206e+02
 0.000000000000000e+00  5.415097528901656e+02  0.000000000000000e+00  0.000000000000000e+00  0.000000000000000e+00  1.499800077612989e+01
 0.000000000000000e+00  0.000000000000000e+00  5.415097528901656e+02  1.641574751585206e+02 -1.499800077612989e+01  0.000000000000000e+00
 0.000000000000000e+00  0.000000000000000e+00  1.641574751585206e+02  9.097398757059260e+02 -3.153353247477695e+01  0.000000000000000e+00
 0.000000000000000e+00  0.000000000000000e+00 -1.499800077612989e+01 -3.153353247477695e+01  1.656286340060607e+02  0.000000000000000e+00
-1.641574751585206e+02  1.499800077612989e+01  0.000000000000000e+00  0.000000000000000e+00  0.000000000000000e+00  1.075368509711987e+03

 2.068970000000000e-01
 2.233996019301436e+08  3.464188585740218e+07  0.000000000000000e+00  0.000000000000000e+00  0.000000000000000e+00  5.239853451807073e+07
 3.464188585736284e+07  8.076968052898595e+08  0.000000000000000e+00  0.000000000000000e+00  0.000000000000000e+00  3.364248616408105e+07
 0.000000000000000e+00  0.000000000000000e+00  1.182458920099895e+10  2.633234866080625e+09 -4.195984197752684e+07  0.000000000000000e+00
 0.000000000000000e+00  0.000000000000000e+00  2.633234866080777e+09  1.043467528090254e+10 -7.654104848755904e+08  0.000000000000000e+00
 0.000000000000000e+00  0.000000000000000e+00 -4.195984197763301e+07 -7.654104848756028e+08  4.146346947633570e+09  0.000000000000000e+00
 5.239853451812448e+07  3.364248616397845e+07  0.000000000000000e+00  0.000000000000000e+00  0.000000000000000e+00  6.575696411582698e+08

 3.944244949030709e+02  0.000000000000000e+00  0.000000000000000e+00  0.000000000000000e+00  0.000000000000000e+00 -1.632260415350774e+02
 0.000000000000000e+00  3.944244949030709e+02  0.000000000000000e+00  0.000000000000000e+00  0.000000000000000e+00  7.403986934246250e+00
 0.000000000000000e+00  0.000000000000000e+00  3.944244949030709e+02  1.632260415350774e+02 -7.403986934246250e+00  0.000000000000000e+00
 0.000000000000000e+00  0.000000000000000e+00  1.632260415350774e+02  6.583426604395737e+02 -2.339977406906426e+01  0.000000000000000e+00
 0.000000000000000e+00  0.000000000000000e+00 -7.403986934246250e+00 -2.339977406906426e+01  9.421243805677584e+01  0.000000000000000e+00
-1.632260415350774e+02  7.403986934246250e+00  0.000000000000000e+00  0.000000000000000e+00  0.000000000000000e+00  7.525550984963488e+02

 2.413790000000000e-01
 1.745243775429081e+08  2.147716017480244e+07  0.000000000000000e+00  0.000000000000000e+00  0.000000000000000e+00  2.664738332209143e+07
 2.147716017491518e+07  5.282355702375715e+08  0.000000000000000e+00  0.000000000000000e+00  0.000000000000000e+00  2.788119671725586e+07
 0.000000000000000e+00  0.000000000000000e+00  1.218260794625343e+10  2.386605375308618e+09 -1.258853541054733e+08  0.000000000000000e+00
 0.000000000000000e+00  0.000000000000000e+00  2.386605375308249e+09  8.781007350955938e+09 -5.722706283238366e+08  0.000000000000000e+00
 0.000000000000000e+00  0.000000000000000e+00 -1.258853541053159e+08 -5.722706283239231e+08  3.980591656268723e+09  0.000000000000000e+00
 2.664738332213136e+07  2.788119671735170e+07  0.000000000000000e+00  0.000000000000000e+00  0.000000000000000e+00  3.839348133764225e+08

 3.339188321898937e+02  0.000000000000000e+00  0.000000000000000e+00  0.000000000000000e+00  0.000000000000000e+00 -1.538910731286896e+02
 0.000000000000000e+00  3.339188321898937e+02  0.000000000000000e+00  0.000000000000000e+00  0.000000000000000e+00  7.766245800208531e+00
 0.000000000000000e+00  0.000000000000000e+00  3.339188321898937e+02  1.538910731286896e+02 -7.766245800208531e+00  0.000000000000000e+00
 0.000000000000000e+00  0.000000000000000e+00  1.538910731286896e+02  5.410614381889286e+02 -1.827911571663649e+01  0.000000000000000e+00
 0.000000000000000e+00  0.000000000000000e+00 -7.766245800208531e+00 -1.827911571663649e+01  7.331274412127053e+01  0.000000000000000e+00
-1.538910731286896e+02  7.766245800208531e+00  0.000000000000000e+00  0.000000000000000e+00  0.000000000000000e+00  6.143741823102004e+02

 2.758620000000000e-01
 1.521554866362564e+08  1.380282177070247e+07  0.000000000000000e+00  0.000000000000000e+00  0.000000000000000e+00  1.965787068754190e+07
 1.380282177041057e+07  4.462892023399186e+08  0.000000000000000e+00  0.000000000000000e+00  0.000000000000000e+00  2.833029607170758e+07
 0.000000000000000e+00  0.000000000000000e+00  1.293384281490650e+10  2.416718601446658e+09 -2.768972068138652e+08  0.000000000000000e+00
 0.000000000000000e+00  0.000000000000000e+00  2.416718601446510e+09  8.688526824919516e+09 -4.259228332621938e+08  0.000000000000000e+00
 0.000000000000000e+00  0.000000000000000e+00 -2.768972068138748e+08 -4.259228332620409e+08  3.774677359846594e+09  0.000000000000000e+00
 1.965787068757094e+07  2.833029607147026e+07  0.000000000000000e+00  0.000000000000000e+00  0.000000000000000e+00  2.813608589913701e+08

 3.227221429387549e+02  0.000000000000000e+00  0.000000000000000e+00  0.000000000000000e+00  0.000000000000000e+00 -1.637202128576664e+02
 0.000000000000000e+00  3.227221429387549e+02  0.000000000000000e+00  0.000000000000000e+00  0.000000000000000e+00  1.033540568031547e+01
 0.000000000000000e+00  0.000000000000000e+00  3.227221429387549e+02  1.637202128576664e+02 -1.033540568031547e+01  0.000000000000000e+00
 0.000000000000000e+00  0.000000000000000e+00  1.637202128576664e+02  5.347153743809273e+02 -1.660433420206558e+01  0.000000000000000e+00
 0.000000000000000e+00  0.000000000000000e+00 -1.033540568031547e+01 -1.660433420206558e+01  6.357280550594650e+01  0.000000000000000e+00
-1.637202128576664e+02  1.033540568031547e+01  0.000000000000000e+00  0.000000000000000e+00  0.000000000000000e+00  5.982881798868733e+02

 3.103450000000000e-01
 1.260364195258743e+08  8.002313111393556e+06  0.000000000000000e+00  0.000000000000000e+00  0.000000000000000e+00  9.119679653340489e+06
 8.002313111194941e+06  2.792169931962264e+08  0.000000000000000e+00  0.000000000000000e+00  0.000000000000000e+00  2.068868503609421e+07
 0.000000000000000e+00  0.000000000000000e+00  1.288791780314324e+10  2.165343120428988e+09 -3.710396109635122e+08  0.000000000000000e+00
 0.000000000000000e+00  0.000000000000000e+00  2.165343120429332e+09  7.463267325990793e+09 -3.143217011819528e+08  0.000000000000000e+00
 0.000000000000000e+00  0.000000000000000e+00 -3.710396109634445e+08 -3.143217011816528e+08  3.402131254701126e+09  0.000000000000000e+00
 9.119679653273242e+06  2.068868503617062e+07  0.000000000000000e+00  0.000000000000000e+00  0.000000000000000e+00  1.692601837290661e+08

 2.827564848231854e+02  0.000000000000000e+00  0.000000000000000e+00  0.000000000000000e+00  0.000000000000000e+00 -1.487111121012934e+02
 0.000000000000000e+00  2.827564848231854e+02  0.000000000000000e+00  0.000000000000000e+00  0.000000000000000e+00  1.048070393196187e+01
 0.000000000000000e+00  0.000000000000000e+00  2.827564848231854e+02  1.487111121012934e+02 -1.048070393196187e+01  0.000000000000000e+00
 0.000000000000000e+00  0.000000000000000e+00  1.487111121012934e+02  4.553932138843249e+02 -1.368026663039923e+01  0.000000000000000e+00
 0.000000000000000e+00  0.000000000000000e+00 -1.048070393196187e+01 -1.368026663039923e+01  5.170506022308964e+01  0.000000000000000e+00
-1.487111121012934e+02  1.048070393196187e+01  0.000000000000000e+00  0.000000000000000e+00  0.000000000000000e+00  5.070982741074138e+02

 3.448280000000000e-01
 1.244190758950217e+08  8.110969176778205e+06  0.000000000000000e+00  0.000000000000000e+00  0.000000000000000e+00  1.206427786191065e+07
 8.110969176520385e+06  3.454678815581930e+08  0.000000000000000e+00  0.000000000000000e+00  0.000000000000000e+00  2.481072780796284e+07
 0.000000000000000e+00  0.000000000000000e+00  1.367104601093429e+10  2.458938177798662e+09 -4.367745833525033e+08  0.000000000000000e+00
 0.000000000000000e+00  0.000000000000000e+00  2.458938177798530e+09  8.300384048272110e+09 -3.231740658347256e+08  0.000000000000000e+00
 0.000000000000000e+00  0.000000000000000e+00 -4.367745833523314e+08 -3.231740658349053e+08  3.379195618159431e+09  0.000000000000000e+00
 1.206427786192890e+07  2.481072780782758e+07  0.000000000000000e+00  0.000000000000000e+00  0.000000000000000e+00  1.823883193851696e+08

 3.037651574716410e+02  0.000000000000000e+00  0.000000000000000e+00  0.000000000000000e+00  0.000000000000000e+00 -1.730408232266895e+02
 0.000000000000000e+00  3.037651574716410e+02  0.000000000000000e+00  0.000000000000000e+00  0.000000000000000e+00  1.203515823732839e+01
 0.000000000000000e+00  0.000000000000000e+00  3.037651574716410e+02  1.730408232266895e+02 -1.203515823732839e+01  0.000000000000000e+00
 0.000000000000000e+00  0.000000000000000e+00  1.730408232266895e+02  5.109286773586438e+02 -1.497139604701020e+01  0.000000000000000e+00
 0.000000000000000e+00  0.000000000000000e+00 -1.203515823732839e+01 -1.497139604701020e+01  5.202536675708656e+01  0.000000000000000e+00
-1.730408232266895e+02  1.203515823732839e+01  0.000000000000000e+00  0.000000000000000e+00  0.000000000000000e+00  5.629540441157307e+02

 3.793100000000000e-01
 1.159048148975569e+08  7.416841562390349e+06  0.000000000000000e+00  0.000000000000000e+00  0.000000000000000e+00  1.172362159441060e+07
 7.416841562331177e+06  3.441878380314217e+08  0.000000000000000e+00  0.000000000000000e+00  0.000000000000000e+00  2.381177245927542e+07
 0.000000000000000e+00  0.000000000000000e+00  1.406732357107246e+10  2.326977924838374e+09 -4.724728395239149e+08  0.000000000000000e+00
 0.000000000000000e+00  0.000000000000000e+00  2.326977924838363e+09  7.722476744669277e+09 -2.979133586224904e+08  0.000000000000000e+00
 0.000000000000000e+00  0.000000000000000e+00 -4.724728395241125e+08 -2.979133586227599e+08  3.188231841150075e+09  0.000000000000000e+00
 1.172362159433899e+07  2.381177245903565e+07  0.000000000000000e+00  0.000000000000000e+00  0.000000000000000e+00  1.625881738585621e+08

 3.008095729264071e+02  0.000000000000000e+00  0.000000000000000e+00  0.000000000000000e+00  0.000000000000000e+00 -1.690901638269575e+02
 0.000000000000000e+00  3.008095729264071e+02  0.000000000000000e+00  0.000000000000000e+00  0.000000000000000e+00  1.211591915345432e+01
 0.000000000000000e+00  0.000000000000000e+00  3.008095729264071e+02  1.690901638269575e+02 -1.211591915345432e+01  0.000000000000000e+00
 0.000000000000000e+00  0.000000000000000e+00  1.690901638269575e+02  4.776193573943258e+02 -1.395485929983004e+01  0.000000000000000e+00
 0.000000000000000e+00  0.000000000000000e+00 -1.211591915345432e+01 -1.395485929983004e+01  4.810371839131842e+01  0.000000000000000e+00
-1.690901638269575e+02  1.211591915345432e+01  0.000000000000000e+00  0.000000000000000e+00  0.000000000000000e+00  5.257230757856454e+02

 4.137930000000000e-01
 1.056997972479129e+08  6.507556982918355e+06  0.000000000000000e+00  0.000000000000000e+00  0.000000000000000e+00  1.126977061682132e+07
 6.507556982693776e+06  3.396053143634694e+08  0.000000000000000e+00  0.000000000000000e+00  0.000000000000000e+00  2.268357120944423e+07
 0.000000000000000e+00  0.000000000000000e+00  1.429769262896322e+10  2.158704639527772e+09 -4.970083313110657e+08  0.000000000000000e+00
 0.000000000000000e+00  0.000000000000000e+00  2.158704639527740e+09  7.001520091438119e+09 -2.658799687153448e+08  0.000000000000000e+00
 0.000000000000000e+00  0.000000000000000e+00 -4.970083313109908e+08 -2.658799687152756e+08  2.906389053766045e+09  0.000000000000000e+00
 1.126977061684684e+07  2.268357120919359e+07  0.000000000000000e+00  0.000000000000000e+00  0.000000000000000e+00  1.418066622222845e+08

 2.926710968870790e+02  0.000000000000000e+00  0.000000000000000e+00  0.000000000000000e+00  0.000000000000000e+00 -1.557018869499125e+02
 0.000000000000000e+00  2.926710968870790e+02  0.000000000000000e+00  0.000000000000000e+00  0.000000000000000e+00  1.220083208085098e+01
 0.000000000000000e+00  0.000000000000000e+00  2.926710968870790e+02  1.557018869499125e+02 -1.220083208085098e+01  0.000000000000000e+00
 0.000000000000000e+00  0.000000000000000e+00  1.557018869499125e+02  4.238071612928778e+02 -1.269535441488799e+01  0.000000000000000e+00
 0.000000000000000e+00  0.000000000000000e+00 -1.220083208085098e+01 -1.269535441488799e+01  4.287736547770867e+01  0.000000000000000e+00
-1.557018869499125e+02  1.220083208085098e+01  0.000000000000000e+00  0.000000000000000e+00  0.000000000000000e+00  4.666845267705868e+02

 4.482760000000000e-01
 9.485730782820302e+07  5.711393422708896e+06  0.000000000000000e+00  0.000000000000000e+00  0.000000000000000e+00  1.056465403381324e+07
 5.711393422718884e+06  3.314445396242371e+08  0.000000000000000e+00  0.000000000000000e+00  0.000000000000000e+00  2.124816510344199e+07
 0.000000000000000e+00  0.000000000000000e+00  1.417287592842492e+10  1.900843521587592e+09 -4.937224486061806e+08  0.000000000000000e+00
 0.000000000000000e+00  0.000000000000000e+00  1.900843521587548e+09  5.883790707633447e+09 -2.157395723406186e+08  0.000000000000000e+00
 0.000000000000000e+00  0.000000000000000e+00 -4.937224486064288e+08 -2.157395723408938e+08  2.457071066354558e+09  0.000000000000000e+00
 1.056465403381845e+07  2.124816510339616e+07  0.000000000000000e+00  0.000000000000000e+00  0.000000000000000e+00  1.166939621199318e+08

 2.760611413891997e+02  0.000000000000000e+00  0.000000000000000e+00  0.000000000000000e+00  0.000000000000000e+00 -1.315629612536040e+02
 0.000000000000000e+00  2.760611413891997e+02  0.000000000000000e+00  0.000000000000000e+00  0.000000000000000e+00  1.054155713954514e+01
 0.000000000000000e+00  0.000000000000000e+00  2.760611413891997e+02  1.315629612536040e+02 -1.054155713954514e+01  0.000000000000000e+00
 0.000000000000000e+00  0.000000000000000e+00  1.315629612536040e+02  3.403644567455604e+02 -9.372473607211177e+00  0.000000000000000e+00
 0.000000000000000e+00  0.000000000000000e+00 -1.054155713954514e+01 -9.372473607211177e+00  3.520996734854850e+01  0.000000000000000e+00
-1.315629612536040e+02  1.054155713954514e+01  0.000000000000000e+00  0.000000000000000e+00  0.000000000000000e+00  3.755744240941088e+02

 4.827590000000000e-01
 8.375338276976524e+07  4.853953862254283e+06  0.000000000000000e+00  0.000000000000000e+00  0.000000000000000e+00  1.001447150301563e+07
 4.853953862236993e+06  3.274933631402311e+08  0.000000000000000e+00  0.000000000000000e+00  0.000000000000000e+00  2.006621734611768e+07
 0.000000000000000e+00  0.000000000000000e+00  1.388742557474526e+10  1.643967238525634e+09 -4.782537760619586e+08  0.000000000000000e+00
 0.000000000000000e+00  0.000000000000000e+00  1.643967238525610e+09  4.917200292149558e+09 -1.729890950866299e+08  0.000000000000000e+00
 0.000000000000000e+00  0.000000000000000e+00 -4.782537760619572e+08 -1.729890950866280e+08  2.076449540531178e+09  0.000000000000000e+00
 1.001447150297803e+07  2.006621734629204e+07  0.000000000000000e+00  0.000000000000000e+00  0.000000000000000e+00  9.665198732463506e+07

 2.613612195589625e+02  0.000000000000000e+00  0.000000000000000e+00  0.000000000000000e+00  0.000000000000000e+00 -1.117533256060216e+02
 0.000000000000000e+00  2.613612195589625e+02  0.000000000000000e+00  0.000000000000000e+00  0.000000000000000e+00  9.564746887347509e+00
 0.000000000000000e+00  0.000000000000000e+00  2.613612195589625e+02  1.117533256060216e+02 -9.564746887347509e+00  0.000000000000000e+00
 0.000000000000000e+00  0.000000000000000e+00  1.117533256060216e+02  2.750341662225766e+02 -7.345092378757015e+00  0.000000000000000e+00
 0.000000000000000e+00  0.000000000000000e+00 -9.564746887347509e+00 -7.345092378757015e+00  2.916983545376665e+01  0.000000000000000e+00
-1.117533256060216e+02  9.564746887347509e+00  0.000000000000000e+00  0.000000000000000e+00  0.000000000000000e+00  3.042040016763430e+02

 5.172410000000000e-01
 7.584884946093038e+07  5.065098751560071e+06  0.000000000000000e+00  0.000000000000000e+00  0.000000000000000e+00  8.996583840305785e+06
 5.065098751491307e+06  3.471905282918200e+08  0.000000000000000e+00  0.000000000000000e+00  0.000000000000000e+00  1.714820498438723e+07
 0.000000000000000e+00  0.000000000000000e+00  1.329464713851230e+10  1.019196155831375e+09 -4.605681455695722e+08  0.000000000000000e+00
 0.000000000000000e+00  0.000000000000000e+00  1.019196155831604e+09  3.135155957456680e+09 -1.245987506128701e+08  0.000000000000000e+00
 0.000000000000000e+00  0.000000000000000e+00 -4.605681455696043e+08 -1.245987506128758e+08  1.729428832171770e+09  0.000000000000000e+00
 8.996583840318078e+06  1.714820498428847e+07  0.000000000000000e+00  0.000000000000000e+00  0.000000000000000e+00  7.847959541523343e+07

 2.479841355594413e+02  0.000000000000000e+00  0.000000000000000e+00  0.000000000000000e+00  0.000000000000000e+00 -9.524793986971109e+01
 0.000000000000000e+00  2.479841355594413e+02  0.000000000000000e+00  0.000000000000000e+00  0.000000000000000e+00  9.022702247531665e+00
 0.000000000000000e+00  0.000000000000000e+00  2.479841355594413e+02  9.524793986971109e+01 -9.022702247531665e+00  0.000000000000000e+00
 0.000000000000000e+00  0.000000000000000e+00  9.524793986971109e+01  2.218494885662458e+02 -5.972435095550692e+00  0.000000000000000e+00
 0.000000000000000e+00  0.000000000000000e+00 -9.022702247531665e+00 -5.972435095550692e+00  2.396619951406772e+01  0.000000000000000e+00
-9.524793986971109e+01  9.022702247531665e+00  0.000000000000000e+00  0.000000000000000e+00  0.000000000000000e+00  2.458156880803132e+02

 5.517240000000000e-01
 6.590022840633644e+07  4.331786403829193e+06  0.000000000000000e+00  0.000000000000000e+00  0.000000000000000e+00  8.143704902909343e+06
 4.331786403844748e+06  3.489842641048684e+08  0.000000000000000e+00  0.000000000000000e+00  0.000000000000000e+00  1.646194270271062e+07
 0.000000000000000e+00  0.000000000000000e+00  1.269124350097057e+10  8.321222938689693e+08 -4.339402606755334e+08  0.000000000000000e+00
 0.000000000000000e+00  0.000000000000000e+00  8.321222938687946e+08  2.562709047927753e+09 -9.285370980978763e+07  0.000000000000000e+00
 0.000000000000000e+00  0.000000000000000e+00 -4.339402606754867e+08 -9.285370980980240e+07  1.410296862952610e+09  0.000000000000000e+00
 8.143704902920040e+06  1.646194270274000e+07  0.000000000000000e+00  0.000000000000000e+00  0.000000000000000e+00  6.439861265344955e+07

 2.294071420573897e+02  0.000000000000000e+00  0.000000000000000e+00  0.000000000000000e+00  0.000000000000000e+00 -7.519330608275725e+01
 0.000000000000000e+00  2.294071420573897e+02  0.000000000000000e+00  0.000000000000000e+00  0.000000000000000e+00  8.241432512326028e+00
 0.000000000000000e+00  0.000000000000000e+00  2.294071420573897e+02  7.519330608275725e+01 -8.241432512326028e+00  0.000000000000000e+00
 0.000000000000000e+00  0.000000000000000e+00  7.519330608275725e+01  1.695744055032476e+02 -4.576964618261310e+00  0.000000000000000e+00
 0.000000000000000e+00  0.000000000000000e+00 -8.241432512326028e+00 -4.576964618261310e+00  1.925978282704822e+01  0.000000000000000e+00
-7.519330608275725e+01  8.241432512326028e+00  0.000000000000000e+00  0.000000000000000e+00  0.000000000000000e+00  1.888341883302972e+02

 5.862070000000000e-01
 5.756176362393927e+07  3.783274929795034e+06  0.000000000000000e+00  0.000000000000000e+00  0.000000000000000e+00  7.170875270234803e+06
 3.783274929757924e+06  3.522813211672204e+08  0.000000000000000e+00  0.000000000000000e+00  0.000000000000000e+00  1.594289453092967e+07
 0.000000000000000e+00  0.000000000000000e+00  1.193473371646346e+10  6.744721030239457e+08 -4.045626615942832e+08  0.000000000000000e+00
 0.000000000000000e+00  0.000000000000000e+00  6.744721030239525e+08  2.080605106455199e+09 -6.818416383835693e+07  0.000000000000000e+00
 0.000000000000000e+00  0.000000000000000e+00 -4.045626615942830e+08 -6.818416383837874e+07  1.121680546924746e+09  0.000000000000000e+00
 7.170875270234852e+06  1.594289453087157e+07  0.000000000000000e+00  0.000000000000000e+00  0.000000000000000e+00  5.222236573722721e+07

 2.122159631242120e+02  0.000000000000000e+00  0.000000000000000e+00  0.000000000000000e+00  0.000000000000000e+00 -6.020965503224794e+01
 0.000000000000000e+00  2.122159631242120e+02  0.000000000000000e+00  0.000000000000000e+00  0.000000000000000e+00  7.475281502091802e+00
 0.000000000000000e+00  0.000000000000000e+00  2.122159631242120e+02  6.020965503224794e+01 -7.475281502091802e+00  0.000000000000000e+00
 0.000000000000000e+00  0.000000000000000e+00  6.020965503224794e+01  1.298465816443553e+02 -3.478140418402088e+00  0.000000000000000e+00
 0.000000000000000e+00  0.000000000000000e+00 -7.475281502091802e+00 -3.478140418402088e+00  1.520507330242636e+01  0.000000000000000e+00
-6.020965503224794e+01  7.475281502091802e+00  0.000000000000000e+00  0.000000000000000e+00  0.000000000000000e+00  1.450516549467812e+02

 6.206900000000000e-01
 5.044946084470443e+07  3.382740808223431e+06  0.000000000000000e+00  0.000000000000000e+00  0.000000000000000e+00  6.361190149597710e+06
 3.382740808274657e+06  3.461590927689433e+08  0.000000000000000e+00  0.000000000000000e+00  0.000000000000000e+00  1.481860899342152e+07
 0.000000000000000e+00  0.000000000000000e+00  1.079906872071716e+10  5.285312042334043e+08 -3.591208152996422e+08  0.000000000000000e+00
 0.000000000000000e+00  0.000000000000000e+00  5.285312042334057e+08  1.664666551172119e+09 -4.840279769855592e+07  0.000000000000000e+00
 0.000000000000000e+00  0.000000000000000e+00 -3.591208152996414e+08 -4.840279769855569e+07  8.498683144902059e+08  0.000000000000000e+00
 6.361190149606968e+06  1.481860899345229e+07  0.000000000000000e+00  0.000000000000000e+00  0.000000000000000e+00  4.188403373532951e+07

 1.908478462672927e+02  0.000000000000000e+00  0.000000000000000e+00  0.000000000000000e+00  0.000000000000000e+00 -4.701543822816500e+01
 0.000000000000000e+00  1.908478462672927e+02  0.000000000000000e+00  0.000000000000000e+00  0.000000000000000e+00  6.590162667176823e+00
 0.000000000000000e+00  0.000000000000000e+00  1.908478462672927e+02  4.701543822816500e+01 -6.590162667176823e+00  0.000000000000000e+00
 0.000000000000000e+00  0.000000000000000e+00  4.701543822816500e+01  9.764947425671309e+01 -2.607474563322079e+00  0.000000000000000e+00
 0.000000000000000e+00  0.000000000000000e+00 -6.590162667176823e+00 -2.607474563322079e+00  1.152682018896083e+01  0.000000000000000e+00
-4.701543822816500e+01  6.590162667176823e+00  0.000000000000000e+00  0.000000000000000e+00  0.000000000000000e+00  1.091762944456737e+02

 6.551720000000000e-01
 4.404313874783251e+07  2.936550478884035e+06  0.000000000000000e+00  0.000000000000000e+00  0.000000000000000e+00  5.556216361286852e+06
 2.936550478898015e+06  3.279438482378887e+08  0.000000000000000e+00  0.000000000000000e+00  0.000000000000000e+00  1.324308277726062e+07
 0.000000000000000e+00  0.000000000000000e+00  9.537463972531359e+09  4.310416035033442e+08 -3.077456583499652e+08  0.000000000000000e+00
 0.000000000000000e+00  0.000000000000000e+00  4.310416035033548e+08  1.332538584830194e+09 -3.469134341475336e+07  0.000000000000000e+00
 0.000000000000000e+00  0.000000000000000e+00 -3.077456583500046e+08 -3.469134341474673e+07  6.208211017349124e+08  0.000000000000000e+00
 5.556216361294245e+06  1.324308277725626e+07  0.000000000000000e+00  0.000000000000000e+00  0.000000000000000e+00  3.280937940249033e+07

 1.688757292582183e+02  0.000000000000000e+00  0.000000000000000e+00  0.000000000000000e+00  0.000000000000000e+00 -3.739294682667456e+01
 0.000000000000000e+00  1.688757292582183e+02  0.000000000000000e+00  0.000000000000000e+00  0.000000000000000e+00  5.612681821703042e+00
 0.000000000000000e+00  0.000000000000000e+00  1.688757292582183e+02  3.739294682667456e+01 -5.612681821703042e+00  0.000000000000000e+00
 0.000000000000000e+00  0.000000000000000e+00  3.739294682667456e+01  7.323050285759271e+01 -1.925715353272729e+00  0.000000000000000e+00
 0.000000000000000e+00  0.000000000000000e+00 -5.612681821703042e+00 -1.925715353272729e+00  8.466554331260562e+00  0.000000000000000e+00
-3.739294682667456e+01  5.612681821703042e+00  0.000000000000000e+00  0.000000000000000e+00  0.000000000000000e+00  8.169705718885317e+01

 6.896550000000000e-01
 3.816821847675806e+07  2.427155641748233e+06  0.000000000000000e+00  0.000000000000000e+00  0.000000000000000e+00  5.038555312264367e+06
 2.427155641794727e+06  3.032926246771643e+08  0.000000000000000e+00  0.000000000000000e+00  0.000000000000000e+00  1.155748173424384e+07
 0.000000000000000e+00  0.000000000000000e+00  8.331657254907259e+09  3.455779216883316e+08 -2.587082435752613e+08  0.000000000000000e+00
 0.000000000000000e+00  0.000000000000000e+00  3.455779216882936e+08  1.056284138379389e+09 -2.396661804983588e+07  0.000000000000000e+00
 0.000000000000000e+00  0.000000000000000e+00 -2.587082435752366e+08 -2.396661804983941e+07  4.413241012343178e+08  0.000000000000000e+00
 5.038555312268892e+06  1.155748173423307e+07  0.000000000000000e+00  0.000000000000000e+00  0.000000000000000e+00  2.531199296759091e+07

 1.479360389872004e+02  0.000000000000000e+00  0.000000000000000e+00  0.000000000000000e+00  0.000000000000000e+00 -3.034497770142338e+01
 0.000000000000000e+00  1.479360389872004e+02  0.000000000000000e+00  0.000000000000000e+00  0.000000000000000e+00  4.664507915055723e+00
 0.000000000000000e+00  0.000000000000000e+00  1.479360389872004e+02  3.034497770142338e+01 -4.664507915055723e+00  0.000000000000000e+00
 0.000000000000000e+00  0.000000000000000e+00  3.034497770142338e+01  5.531418062886851e+01 -1.398027003992575e+00  0.000000000000000e+00
 0.000000000000000e+00  0.000000000000000e+00 -4.664507915055723e+00 -1.398027003992575e+00  6.053744361608215e+00  0.000000000000000e+00
-3.034497770142338e+01  4.664507915055723e+00  0.000000000000000e+00  0.000000000000000e+00  0.000000000000000e+00  6.136792499047689e+01

 7.241379999999999e-01
 3.310428607968362e+07  2.106640454211668e+06  0.000000000000000e+00  0.000000000000000e+00  0.000000000000000e+00  4.359930919254255e+06
 2.106640454218868e+06  2.735244278656082e+08  0.000000000000000e+00  0.000000000000000e+00  0.000000000000000e+00  9.627282714938728e+06
 0.000000000000000e+00  0.000000000000000e+00  7.188081233584283e+09  2.629154897583258e+08 -2.114800770819606e+08  0.000000000000000e+00
 0.000000000000000e+00  0.000000000000000e+00  2.629154897583416e+08  8.210825258610904e+08 -1.632569426764823e+07  0.000000000000000e+00
 0.000000000000000e+00  0.000000000000000e+00 -2.114800770819475e+08 -1.632569426764606e+07  3.030743756436464e+08  0.000000000000000e+00
 4.359930919256732e+06  9.627282714941833e+06  0.000000000000000e+00  0.000000000000000e+00  0.000000000000000e+00  1.907838898867563e+07

 1.279152315776056e+02  0.000000000000000e+00  0.000000000000000e+00  0.000000000000000e+00  0.000000000000000e+00 -2.403592283851609e+01
 0.000000000000000e+00  1.279152315776056e+02  0.000000000000000e+00  0.000000000000000e+00  0.000000000000000e+00  3.814344133767219e+00
 0.000000000000000e+00  0.000000000000000e+00  1.279152315776056e+02  2.403592283851609e+01 -3.814344133767219e+00  0.000000000000000e+00
 0.000000000000000e+00  0.000000000000000e+00  2.403592283851609e+01  4.046386252420758e+01 -1.009045260376277e+00  0.000000000000000e+00
 0.000000000000000e+00  0.000000000000000e+00 -3.814344133767219e+00 -1.009045260376277e+00  4.198268363916944e+00  0.000000000000000e+00
-2.403592283851609e+01  3.814344133767219e+00  0.000000000000000e+00  0.000000000000000e+00  0.000000000000000e+00  4.466213088812451e+01

 7.586210000000000e-01
 2.761528555264373e+07  1.827301947307264e+06  0.000000000000000e+00  0.000000000000000e+00  0.000000000000000e+00  3.179662109185182e+06
 1.827301947327061e+06  2.272608114612045e+08  0.000000000000000e+00  0.000000000000000e+00  0.000000000000000e+00  8.042067387239547e+06
 0.000000000000000e+00  0.000000000000000e+00  5.602955121129495e+09  1.876612295796776e+08 -1.644449747387822e+08  0.000000000000000e+00
 0.000000000000000e+00  0.000000000000000e+00  1.876612295796712e+08  5.412607622107985e+08 -1.028143781281487e+07  0.000000000000000e+00
 0.000000000000000e+00  0.000000000000000e+00 -1.644449747388015e+08 -1.028143781282710e+07  1.868377517468886e+08  0.000000000000000e+00
 3.179662109186503e+06  8.042067387248197e+06  0.000000000000000e+00  0.000000000000000e+00  0.000000000000000e+00  1.343612672505238e+07

 1.036778223917724e+02  0.000000000000000e+00  0.000000000000000e+00  0.000000000000000e+00  0.000000000000000e+00 -1.851723152159083e+01
 0.000000000000000e+00  1.036778223917724e+02  0.000000000000000e+00  0.000000000000000e+00  0.000000000000000e+00  3.048400547240635e+00
 0.000000000000000e+00  0.000000000000000e+00  1.036778223917724e+02  1.851723152159083e+01 -3.048400547240635e+00  0.000000000000000e+00
 0.000000000000000e+00  0.000000000000000e+00  1.851723152159083e+01  2.809961776073529e+01 -7.148911422363237e-01  0.000000000000000e+00
 0.000000000000000e+00  0.000000000000000e+00 -3.048400547240635e+00 -7.148911422363237e-01  2.675144915832645e+00  0.000000000000000e+00
-1.851723152159083e+01  3.048400547240635e+00  0.000000000000000e+00  0.000000000000000e+00  0.000000000000000e+00  3.077476267656790e+01

 7.931030000000000e-01
 2.312801431781308e+07  1.495186801365287e+06  0.000000000000000e+00  0.000000000000000e+00  0.000000000000000e+00  2.319316094512191e+06
 1.495186801367276e+06  1.843861267613313e+08  0.000000000000000e+00  0.000000000000000e+00  0.000000000000000e+00  6.762684527351464e+06
 0.000000000000000e+00  0.000000000000000e+00  4.150863828213111e+09  1.173555783721115e+08 -1.226572653055755e+08  0.000000000000000e+00
 0.000000000000000e+00  0.000000000000000e+00  1.173555783721161e+08  3.219534145329297e+08 -5.935057186460322e+06  0.000000000000000e+00
